$ANSIBLE_VAULT;1.1;AES256
31313535623864383632633738383563386565646130373361373636623734376166343031376434
6131336135653662326561666134376233613038356337360a643530653634373961646331373530
63333731303531613137343465353064623063356661646632333531306230386239636534356639
6537653134663138640a393530363231323462663837393531393061653836653165653739383334
64353262303634613964323064636361643561346635363836613730323335343732663065616334
31336264363031376131646531376338373662323132306639386235336161643139343637366338
65343037363838303539663335366332326566623833323034316663306531643132636237663731
38303832333039316435656132336230323164366563633330373737383432386235623861613238
61646537313032626535376161636266333533336535396365663263336535373632383762353233
35656535356665636239393566333331323765363966326337326239646536656430623033366163
30633032653337653264383362383665363135366336633938316636656136313730666230656130
61663033376465353338613264353238643937386235323466396631653365363832666434346133
65336633356361393038323135323766323431653938396232366336303130323434653165613539
38386463343132316666626436666338633065383131353333636339623364336235383932313431
37333362333032636530316364613032363931613533306130353764306339643639623339363130
34666464336563643030643736343537626232663662363639393161653038343731373466346364
64373165393362303935376631316238313263353835386237643362316333613161633065306462
63663039383539313335663863643334303434633636363332653765316633343232353533383034
30633033636330326264383266373737363435343561333032326537383830343737323762616632
35623236316439646335613634663432343331323134653931653562353038626265666232326166
30346430343362653936336462653461306337623638356434303162386665623038313839646533
31653463663466316236633233303530643636313736343831383764613566623165353639306265
62313264643935303165363863393961643538653937386139623466653038646333313932333966
33396434323031666334353534613233383263326130616438616138323233356331643034383363
32643935326631336636303030396534633965663966653464336163306332383561333839626363
66396461316362373936373237363364633839343761386462646331643835333739343331386238
31616533656438333030366266653731316239346339373438353233356636316331386463633565
61323233356666646366656433323065386265316361373833393866366439346435393662626336
39623063373139353061646563363465383737373663366138343066343963613436656332333934
34643932343166303237623137313034633530373438613931666165653533656432303238613163
66383732623538636462656231643333303231663364663030623939333639373763643238353034
62666233386534623630363066313931336435366434353336353066643561353866303436343566
33346663333464336666383831303531666436356332323666303334616639326534346532343634
36323062656631613133373762303832666366363530393361313335396166616265393130326264
64656236346166323762613338313639623562306566623763643132663866396639616134383165
64313234386236336630393436313239396235613761386236366237633063633161333734363738
65646562663536383437303164653062326161316136316466383562366435383132333561393233
38333662616563626334626238643662646532613438333962623962616338396336303934666232
66316230383332363634336363306236396234313739376161373630623433313930666661306135
34626466616134326538636666323039646561373861306431666634386362366337363561323433
61353265666530636534363465346166336466636535633032353566666331346361366264383531
36373933393734623464336366636236613734663966376461646364326661313335363161333135
62343131313934313233663733303063623466366439396538616265333661343463333232643137
61373539626237333264653839303166363439666261316636343163313939663339663037313932
33333265656361666663376566623930376266393164653265353366356233363739653966376437
63363063343238363830303739663136663536303534653333313530643434373062353065666635
64643061323632353138336536353364396365363864323365363039376638393731316165356335
36306431633265663861663136633962396137373961313638663861363662653936303639616537
62383233313466656131666661613832376636383032376135353464616637366163663766636663
66346534386562613933323963623837323066366137316339333763346564346334363438643265
37316434636364373839316335373635363438633464653662353035393034373137613666303061
33343561326463383636643432363264653163633432376534363562396637306637353236623038
64323066386264613264303564646665323538633136343361613138336561666232363434623562
65363737303131353762336361613261666132316532353732663937306165313334366433353261
33373932653030653831323761373431616265623836356166626461643833333966623930366365
33373261633138393864343264363033626234373765626462663536633862643239323134366263
37306563653562313638303335303166653335666533643732376434346131613637633033363961
61643530323961613938623831346361626632626666366132303338316532353035303732633865
34363034303737653233326632363430363465623565626164303433653733376366343663316633
35393437363063316535393562363736303863333664613039383366386234393731313131363535
64656363373837646634383331623638306231633864663366306336303063393136313765623264
33323731373835336165386131323238313735336135643933636530626436356531366435363738
38643430383934373561346336356266393633623763313831306461656631656366333435373837
35643631363539663136346230336261323632326239343835646632653937313465646539636333
32393030643037333465353030303638313336363361383137613834386463646563313532663036
38313130353634326262303931303031613839366162323231626132366333363334396166326164
34383566653861643766356137323939646139633031333961336431326362616439623662336263
65653834356566396161303462633063353835353133376539343532376439383037346230346162
36653534643236636663656139323335306330393431316630663138316532323433323663313262
33393466396664316331363661396531343839343833376362626436346636343733656131363466
64336464353562373666333064633865656335666435613930656639623234383165666465623364
34636365373237306166663230386330643864656338666132656639613236643630373462346566
32313834653138323666356532643166656133343738396431653137666330343435363038363061
33653433653665653061383062356139366662333933613431376166623436396362663865366262
36653763663662663466343339343230306234633364613335363963333938383138623066646163
63323237343135636539303231626366393663343434643738363333656230396264326633653863
30623262643839383739646539663564303333373839376262613866383535363134326661343635
66653933346164633130643035346564366166323339336438336165396336396563323231613964
32333062336137653632373135343630623535633065366238663632353962643137306466343232
34666465656435306430313736303539656337666164376435636661373431306363346236623637
38326536633533373932613863626562336335376631326663663537663934656135353636613839
66613231636335333839393331343133376334663661376562363436646238663431316530373764
38353863646662363133376234356161356330613833326165383735303435303230633337303635
62663736663764626332383638653733363464343361313031336234616664633935316633326464
31383033393661303836613362376634363464633137353637353038636137343835646238393238
61656662323364643239353166383335343431326432653562333039373764623332633166336161
30663264396566666639656632666531313131343762333231666663666335633231333263383031
34623839316565386130326335356536376637653366363065663364343466633862353031383933
36666561353066376265646563323230626538383438363964383162643538306164326532616130
35643634336336363235343462646237356533616566393564383032393531636238613235343332
66313166396636626464653765626565343233383166626566393136326334663231663432326363
39333437333030326331336631313236626466386530393335653766666232336630653066636562
38323232623135343539656635626164383163323934373561646163663333313131373031376332
37646539643137386337396530663162653538613330323534643136613463386138313761633234
63396434363062346530346461636232333133643863636264613436643735313732393561363434
37393038323139346433366463306330383662303263646435336535396632616163396463633066
63353465656363666330366163343038313634346535333038643835646361316138313061336562
35333938643364316236386266306330306566643739346435383230623166633731666339666532
35613439353465306162666439653764353038343632653930636534623932343364353763316431
65356661336666373033356463366235346532623135316635356230353139333638333934346433
38336361636534396663393331346265326663616431366562303030353261376239643766643437
62636530656630313966333435363263353034313833623637346337613263343637346536346466
39663536633263666162396535336531613232623762383161353039356439666338336237633534
34393832353061306632383863353464656430623432373464383039393262316139646266333332
39366138353963656537373237373262653064663331656232343462666166653834643334303632
32656265303463393138623233363734626665333764616336326132356234613634326430626632
63396136353937616262656662623263653661313461626263366465656463366338613930613532
33346135626233323535333964333339643931383234396136313963663365353737363861323338
31343464343939366330386563393961393431653033623331353538653464373364653465663432
33623961373435313437346537313566396132366636616465353536616330653331343930613533
32633336316335326635383032393762316361396234333935363265396534653437333466313534
65356431353761336361356330636263313339343366316636373132363230356231653666613131
35363235643564383461386438323562323831386238356537363363306638313762623030653461
30333661656639396331643063336437623165366666303630346239626333336433653930613563
35366633313565666262363432643039656332323736366661613261646566383330336438383763
65663761356363633966386365313331323564313930353966366336373738356334643237313734
35383039643966313539313132313731306666323666663831343637623836373438363536383736
36346166623066396133666638663634313131613130653366663063643065393461356166303461
36326634363439376633346334386238346333636432653266313437313535393437353739333138
66636462653034643035376637353933623830343739326662383038643061326334333563316165
66396163643039363130316462303931363134373863396137653334656130383637326133396564
38306330306164616637393834333638373835336265623663386438333730333135383461666164
30333538643564613366343963366464353337396331656231333239353734366634323565316334
61613835303530623261323233663136343334623737326561333963633265373864383662396338
31333665636434623635303962666336363131616239333561626465653132653262623335386239
36353764333130336666396431653033376361323063306537363831316130303937343661613761
61343766346430656665353531666237393261346632373165376233633539363464346238376164
66376437646435346364633634303330376534623534323938313432666636363533653463343961
61303633646366323533363537383733613265363239376462663631656137326239303432343465
64373132633361303336306262323862356232323930346662383839353939376238653661653562
32353262326131303164626530623330336661383439363866373266633064393131623332396565
37363563356533613561346639303063653261343838363762306566393432383464356335393834
37613339386133653438316137333032636262326434343465633263656165656237623034323131
61396630386565636163643265333331363164613437633637373039376633353237323863316438
30666537323962366263363266303465316266356365643761393931363865653362633535323638
35323639313164373765336233643836613965393066383336343038333435613263353931343137
66643536623037333732366663356331366433333361613565666236303335623935646261633332
61633866616434316231313766343235663030663265623865343664393532666636396133356330
34633766373465613465303935343332313839356362333562323035343766666636393862303239
30323237366562666363396539313535383634633435313066636462643131313739643435643235
63373761396230396161623666623065373264336363663562343561396332343839396266336138
37303165656333666662366637653763336332653562633936623665643638386537623933613639
62613237346135363264373762613165323065636566333137616464356262666337313739643835
34346366616139326436343662376432386366323139313239333535343465666266303963396164
30626665336462396366333337303235353066633666613263666336663465393464353865363662
39323938396562313064323631316431316131393337393535643037646564303832373566656634
33323164633232323666386436616236353664636535643736383931313832663233313361306161
66626132343063653630356231666361383338363732636630636562613736326466346663363730
35396339323437346239373164666130626138313233323337633666616433396131376235663734
34383265363436353763386561313436343531616666373434626564323631323136653738393833
65303261363330653766623964343564643865626339643237636437393735313237383964373736
32316536656536346661366638643737356537636336373739633765663963663663663539373237
37613462306463633835346637396666303562323030636434353135653239303832616462333234
37343138636333373332333863393437656432386131373030613764313661663538303537646533
65393765343337386666303238333365623531383966626264666137323962633134306536373861
65393961356363666265363037633832643633393565393363613261646666353736653335646264
33383134343662336561313739333536646231313030646562366136383639373664376139383766
65663130333331353966363163323732633630343962386365623236663631636136333734363762
32616664323862663335633763313431383331636630373237656639333630333666653538653730
63343766313731363031376631336438393265363730396362393331346438393965623465323538
37386537363239376137393031656430313666636230333535626635343161313832616138363735
34366537646261396263646132626331383934613233633232323437653432653066653539383532
62386564383732323839656664653233376133643336636265666161643463313134663832616434
34323034663162643738633937396261653538356461623139336364653437656338633539323834
65356461616531336563636262353665366466373436386531623761616233363738383838303163
64613830343963333831613930393832316464636637373937343539356663383339633237343665
31323666303630333363613838306238393962326638653434646330623236333134623635343435
65373333336462646436666433323964396466336563346431393935613036333866333033396632
33383834663635623538303930626438393563376363313266376333623764363939343364623665
62373630313139323233373331633162643962383834363034343566653037363832306337366662
62363364613635353836633964316133356632396438343133633032313034346536333138366661
36313630313337326231383531376538636431373338626637346165373133373039333935336565
31623235633631636162333664616630363934393137343666653736633031376634323532316438
39643737343061393661383736653765666432383663363732333435386364326164333634313335
613734353465373530363161623735333235
